{
 "cells": [
  {
   "cell_type": "markdown",
   "metadata": {},
   "source": [
    "# IMPORT"
   ]
  },
  {
   "cell_type": "code",
   "execution_count": 1,
   "metadata": {},
   "outputs": [],
   "source": [
    "from typing import Literal, List\n",
    "import numpy as np"
   ]
  },
  {
   "cell_type": "markdown",
   "metadata": {},
   "source": [
    "# FUNCTIONS"
   ]
  },
  {
   "cell_type": "code",
   "execution_count": 2,
   "metadata": {},
   "outputs": [],
   "source": [
    "def is_valid_pos(i, j, n, m) -> Literal[0] | Literal[1]:\n",
    "    \"\"\"\n",
    "    Check the coodinates are not from out of the GridWorld.\n",
    "\n",
    "    Args:\n",
    "        i (int): row index\n",
    "        j (int): column index\n",
    "        n (int): GridWorld row length\n",
    "        m (int): GridWorld column length\n",
    "\n",
    "    Returns:\n",
    "        Literal[0] | Literal[1]: 0 means invalid (row, col) indices, 1 means valid\n",
    "    \"\"\"\n",
    "    if (i < 0 or j < 0 or i > n - 1 or j > m - 1):\n",
    "        return 0\n",
    "    return 1\n",
    " \n",
    " \n",
    "def get_adjacent_neighbors(val_matrix, i, j) -> List:\n",
    "    \"\"\"\n",
    "    Function that returns all adjacent elements\n",
    "\n",
    "    Args:\n",
    "        val_matrix (np.ndarray): _description_\n",
    "        i (int): row index\n",
    "        j (int): column index\n",
    "\n",
    "    Returns:\n",
    "        List: List of (row, col) indices surrounding the given point, if border point then use its own indices\n",
    "    \"\"\"\n",
    " \n",
    "    # Size of given 2d array\n",
    "    n = len(val_matrix)\n",
    "    m = len(val_matrix[0])\n",
    "    v = []\n",
    " \n",
    "    # Checking for all the possible adjacent positions\n",
    "    if (is_valid_pos(i - 1, j, n, m)):      # up\n",
    "        v.append((i - 1, j))\n",
    "    else:\n",
    "        v.append((i, j))\n",
    "    \n",
    "    if (is_valid_pos(i, j - 1, n, m)):      # left\n",
    "        v.append((i, j - 1))\n",
    "    else:\n",
    "        v.append((i, j))\n",
    "    \n",
    "    if (is_valid_pos(i, j + 1, n, m)):      # right\n",
    "        v.append((i, j + 1))\n",
    "    else:\n",
    "        v.append((i, j))\n",
    "    \n",
    "    if (is_valid_pos(i + 1, j, n, m)):      # down\n",
    "        v.append((i + 1, j))\n",
    "    else:\n",
    "        v.append((i, j))\n",
    "     \n",
    "    # Returning the vector\n",
    "    return v\n",
    "\n",
    "def get_new_state_value(r, c, reward, gamma, val_matrix) -> np.ndarray:\n",
    "    \"\"\"\n",
    "    Get the new state value based on all neighbors fetched using all the actions possible\n",
    "\n",
    "    Args:\n",
    "        r (int): row index\n",
    "        c (int): column index\n",
    "        reward (float): reward given to a state for performing a specific action\n",
    "        gamma (float): discount\n",
    "        val_matrix (np.ndarray): value array\n",
    "\n",
    "    Returns:\n",
    "        np.ndarray: new value for the state in question\n",
    "    \"\"\"\n",
    "    state_neighbors = get_adjacent_neighbors(val_matrix, r, c)\n",
    "    action_val = []\n",
    "    for n in state_neighbors:\n",
    "        action_val.append(reward + gamma * val_matrix[n[0]][n[1]])\n",
    "    \n",
    "    # get the mean as all probabilities are same\n",
    "    return np.mean(action_val)\n",
    "\n",
    "# Visualization\n",
    "def log_value_matrix(val_matrix, grid) -> None:\n",
    "    \"\"\"\n",
    "    Visualize Value matrix\n",
    "\n",
    "    Args:\n",
    "        val_matrix (np.ndarray): value array\n",
    "        grid (tuple): enviornment playground, world size\n",
    "    \"\"\"\n",
    "    res = \"\"\n",
    "    for r in range(grid[0]):\n",
    "        res += \"|\"\n",
    "        for c in range(grid[1]):\n",
    "            val = str(val_matrix[r][c])\n",
    "            res += \" \" + val[:5].ljust(5) + \" |\" # format\n",
    "        res += \"\\n\"\n",
    "    print(res)\n",
    "\n",
    "\n",
    "def value_func(grid, val_matrix, reward, gamma=1., theta=1e-4) -> int:\n",
    "    \"\"\"\n",
    "    Get the most optimal value of a state based on actions taken to achieve the best optimum route to reach terminal point. \n",
    "\n",
    "    Args:\n",
    "        grid (tuple): enviornment playground, world size\n",
    "        val_matrix (np.ndarray): value array\n",
    "        reward (float): reward given to a state for performing a specific action\n",
    "        gamma (float, optional): discount. Defaults to 1.0.\n",
    "        theta (float, optional): value convergence also maximum change in the value. Defaults to 1e-4.\n",
    "\n",
    "    Returns:\n",
    "        int: Number of iteration required to reduce the error than theta\n",
    "        val_matrix (np.ndarray): Updated value matrix with the best values\n",
    "    \"\"\"\n",
    "    itr = 0\n",
    "    while True:\n",
    "        delta = 0\n",
    "        V_new = np.copy(val_matrix)\n",
    "        for r in range(grid[0]):\n",
    "            for c in range(grid[1]):\n",
    "                if r == c == grid[0] - 1:\n",
    "                    continue\n",
    "                v = val_matrix[r][c]\n",
    "                V_new[r][c] = get_new_state_value(r, c, reward[r][c], gamma, val_matrix)\n",
    "                delta = max(delta, abs(v - V_new[r][c]))\n",
    "        val_matrix = V_new\n",
    "\n",
    "        if itr % 10 == 0:\n",
    "            print(f\" Value Matrix at iteration: {itr} \".center(40, '-'))\n",
    "            log_value_matrix(val_matrix, grid)\n",
    "\n",
    "        if delta < theta:\n",
    "            break\n",
    "        itr +=1\n",
    "    \n",
    "    return itr, val_matrix"
   ]
  },
  {
   "cell_type": "markdown",
   "metadata": {},
   "source": [
    "# RUN"
   ]
  },
  {
   "cell_type": "code",
   "execution_count": 3,
   "metadata": {},
   "outputs": [
    {
     "name": "stdout",
     "output_type": "stream",
     "text": [
      "--------- Initial Value Array ----------\n",
      "[[0. 0. 0. 0.]\n",
      " [0. 0. 0. 0.]\n",
      " [0. 0. 0. 0.]\n",
      " [0. 0. 0. 0.]]\n",
      "---------- Reward for states -----------\n",
      "[[-1. -1. -1. -1.]\n",
      " [-1. -1. -1. -1.]\n",
      " [-1. -1. -1. -1.]\n",
      " [-1. -1. -1.  0.]]\n",
      "----- Value Matrix at iteration: 0 -----\n",
      "| -1.0  | -1.0  | -1.0  | -1.0  |\n",
      "| -1.0  | -1.0  | -1.0  | -1.0  |\n",
      "| -1.0  | -1.0  | -1.0  | -1.0  |\n",
      "| -1.0  | -1.0  | -1.0  | 0.0   |\n",
      "\n",
      "---- Value Matrix at iteration: 10 -----\n",
      "| -10.8 | -10.7 | -10.5 | -10.3 |\n",
      "| -10.7 | -10.5 | -10.0 | -9.41 |\n",
      "| -10.5 | -10.0 | -8.74 | -6.76 |\n",
      "| -10.3 | -9.41 | -6.76 | 0.0   |\n",
      "\n",
      "---- Value Matrix at iteration: 20 -----\n",
      "| -19.6 | -19.1 | -18.4 | -17.8 |\n",
      "| -19.1 | -18.4 | -17.2 | -15.9 |\n",
      "| -18.4 | -17.2 | -14.5 | -11.0 |\n",
      "| -17.8 | -15.9 | -11.0 | 0.0   |\n",
      "\n",
      "---- Value Matrix at iteration: 30 -----\n",
      "| -26.8 | -26.1 | -24.9 | -24.0 |\n",
      "| -26.1 | -25.0 | -23.1 | -21.2 |\n",
      "| -24.9 | -23.1 | -19.3 | -14.4 |\n",
      "| -24.0 | -21.2 | -14.4 | 0.0   |\n",
      "\n",
      "---- Value Matrix at iteration: 40 -----\n",
      "| -32.7 | -31.7 | -30.2 | -29.0 |\n",
      "| -31.7 | -30.3 | -27.9 | -25.5 |\n",
      "| -30.2 | -27.9 | -23.2 | -17.2 |\n",
      "| -29.0 | -25.5 | -17.2 | 0.0   |\n",
      "\n",
      "---- Value Matrix at iteration: 50 -----\n",
      "| -37.5 | -36.4 | -34.6 | -33.1 |\n",
      "| -36.4 | -34.7 | -31.8 | -29.1 |\n",
      "| -34.6 | -31.8 | -26.4 | -19.5 |\n",
      "| -33.1 | -29.1 | -19.5 | 0.0   |\n",
      "\n",
      "---- Value Matrix at iteration: 60 -----\n",
      "| -41.5 | -40.2 | -38.2 | -36.5 |\n",
      "| -40.2 | -38.3 | -35.1 | -32.0 |\n",
      "| -38.2 | -35.1 | -29.0 | -21.4 |\n",
      "| -36.5 | -32.0 | -21.4 | 0.0   |\n",
      "\n",
      "---- Value Matrix at iteration: 70 -----\n",
      "| -44.7 | -43.3 | -41.1 | -39.2 |\n",
      "| -43.3 | -41.3 | -37.7 | -34.4 |\n",
      "| -41.1 | -37.7 | -31.2 | -23.0 |\n",
      "| -39.2 | -34.4 | -23.0 | 0.0   |\n",
      "\n",
      "---- Value Matrix at iteration: 80 -----\n",
      "| -47.4 | -45.9 | -43.5 | -41.5 |\n",
      "| -45.9 | -43.7 | -39.9 | -36.3 |\n",
      "| -43.5 | -39.9 | -32.9 | -24.2 |\n",
      "| -41.5 | -36.3 | -24.2 | 0.0   |\n",
      "\n",
      "---- Value Matrix at iteration: 90 -----\n",
      "| -49.6 | -48.0 | -45.4 | -43.3 |\n",
      "| -48.0 | -45.6 | -41.7 | -37.9 |\n",
      "| -45.4 | -41.7 | -34.3 | -25.3 |\n",
      "| -43.3 | -37.9 | -25.3 | 0.0   |\n",
      "\n",
      "---- Value Matrix at iteration: 100 ----\n",
      "| -51.3 | -49.7 | -47.0 | -44.8 |\n",
      "| -49.7 | -47.2 | -43.1 | -39.2 |\n",
      "| -47.0 | -43.1 | -35.5 | -26.1 |\n",
      "| -44.8 | -39.2 | -26.1 | 0.0   |\n",
      "\n",
      "---- Value Matrix at iteration: 110 ----\n",
      "| -52.8 | -51.1 | -48.3 | -46.1 |\n",
      "| -51.1 | -48.6 | -44.3 | -40.3 |\n",
      "| -48.3 | -44.3 | -36.5 | -26.8 |\n",
      "| -46.1 | -40.3 | -26.8 | 0.0   |\n",
      "\n",
      "---- Value Matrix at iteration: 120 ----\n",
      "| -54.0 | -52.2 | -49.4 | -47.1 |\n",
      "| -52.2 | -49.6 | -45.3 | -41.1 |\n",
      "| -49.4 | -45.3 | -37.3 | -27.4 |\n",
      "| -47.1 | -41.1 | -27.4 | 0.0   |\n",
      "\n",
      "---- Value Matrix at iteration: 130 ----\n",
      "| -55.0 | -53.1 | -50.3 | -47.9 |\n",
      "| -53.1 | -50.5 | -46.1 | -41.9 |\n",
      "| -50.3 | -46.1 | -37.9 | -27.8 |\n",
      "| -47.9 | -41.9 | -27.8 | 0.0   |\n",
      "\n",
      "---- Value Matrix at iteration: 140 ----\n",
      "| -55.8 | -53.9 | -51.0 | -48.6 |\n",
      "| -53.9 | -51.3 | -46.7 | -42.4 |\n",
      "| -51.0 | -46.7 | -38.4 | -28.2 |\n",
      "| -48.6 | -42.4 | -28.2 | 0.0   |\n",
      "\n",
      "---- Value Matrix at iteration: 150 ----\n",
      "| -56.4 | -54.5 | -51.6 | -49.2 |\n",
      "| -54.5 | -51.8 | -47.3 | -42.9 |\n",
      "| -51.6 | -47.3 | -38.9 | -28.5 |\n",
      "| -49.2 | -42.9 | -28.5 | 0.0   |\n",
      "\n",
      "---- Value Matrix at iteration: 160 ----\n",
      "| -57.0 | -55.1 | -52.1 | -49.6 |\n",
      "| -55.1 | -52.3 | -47.7 | -43.3 |\n",
      "| -52.1 | -47.7 | -39.2 | -28.8 |\n",
      "| -49.6 | -43.3 | -28.8 | 0.0   |\n",
      "\n",
      "---- Value Matrix at iteration: 170 ----\n",
      "| -57.4 | -55.5 | -52.5 | -50.0 |\n",
      "| -55.5 | -52.7 | -48.0 | -43.6 |\n",
      "| -52.5 | -48.0 | -39.5 | -29.0 |\n",
      "| -50.0 | -43.6 | -29.0 | 0.0   |\n",
      "\n",
      "---- Value Matrix at iteration: 180 ----\n",
      "| -57.8 | -55.8 | -52.8 | -50.3 |\n",
      "| -55.8 | -53.1 | -48.3 | -43.9 |\n",
      "| -52.8 | -48.3 | -39.7 | -29.2 |\n",
      "| -50.3 | -43.9 | -29.2 | 0.0   |\n",
      "\n",
      "---- Value Matrix at iteration: 190 ----\n",
      "| -58.1 | -56.1 | -53.0 | -50.5 |\n",
      "| -56.1 | -53.3 | -48.6 | -44.1 |\n",
      "| -53.0 | -48.6 | -39.9 | -29.3 |\n",
      "| -50.5 | -44.1 | -29.3 | 0.0   |\n",
      "\n",
      "---- Value Matrix at iteration: 200 ----\n",
      "| -58.3 | -56.3 | -53.3 | -50.7 |\n",
      "| -56.3 | -53.5 | -48.8 | -44.3 |\n",
      "| -53.3 | -48.8 | -40.1 | -29.4 |\n",
      "| -50.7 | -44.3 | -29.4 | 0.0   |\n",
      "\n",
      "---- Value Matrix at iteration: 210 ----\n",
      "| -58.5 | -56.5 | -53.4 | -50.9 |\n",
      "| -56.5 | -53.7 | -48.9 | -44.4 |\n",
      "| -53.4 | -48.9 | -40.2 | -29.5 |\n",
      "| -50.9 | -44.4 | -29.5 | 0.0   |\n",
      "\n",
      "---- Value Matrix at iteration: 220 ----\n",
      "| -58.7 | -56.7 | -53.6 | -51.0 |\n",
      "| -56.7 | -53.9 | -49.1 | -44.6 |\n",
      "| -53.6 | -49.1 | -40.3 | -29.6 |\n",
      "| -51.0 | -44.6 | -29.6 | 0.0   |\n",
      "\n",
      "---- Value Matrix at iteration: 230 ----\n",
      "| -58.8 | -56.8 | -53.7 | -51.2 |\n",
      "| -56.8 | -54.0 | -49.2 | -44.7 |\n",
      "| -53.7 | -49.2 | -40.4 | -29.7 |\n",
      "| -51.2 | -44.7 | -29.7 | 0.0   |\n",
      "\n",
      "---- Value Matrix at iteration: 240 ----\n",
      "| -58.9 | -56.9 | -53.8 | -51.2 |\n",
      "| -56.9 | -54.1 | -49.3 | -44.7 |\n",
      "| -53.8 | -49.3 | -40.5 | -29.7 |\n",
      "| -51.2 | -44.7 | -29.7 | 0.0   |\n",
      "\n",
      "---- Value Matrix at iteration: 250 ----\n",
      "| -59.0 | -57.0 | -53.9 | -51.3 |\n",
      "| -57.0 | -54.2 | -49.3 | -44.8 |\n",
      "| -53.9 | -49.3 | -40.5 | -29.8 |\n",
      "| -51.3 | -44.8 | -29.8 | 0.0   |\n",
      "\n",
      "---- Value Matrix at iteration: 260 ----\n",
      "| -59.1 | -57.1 | -53.9 | -51.4 |\n",
      "| -57.1 | -54.2 | -49.4 | -44.9 |\n",
      "| -53.9 | -49.4 | -40.6 | -29.8 |\n",
      "| -51.4 | -44.9 | -29.8 | 0.0   |\n",
      "\n",
      "---- Value Matrix at iteration: 270 ----\n",
      "| -59.1 | -57.1 | -54.0 | -51.4 |\n",
      "| -57.1 | -54.3 | -49.4 | -44.9 |\n",
      "| -54.0 | -49.4 | -40.6 | -29.8 |\n",
      "| -51.4 | -44.9 | -29.8 | 0.0   |\n",
      "\n",
      "---- Value Matrix at iteration: 280 ----\n",
      "| -59.2 | -57.2 | -54.0 | -51.5 |\n",
      "| -57.2 | -54.3 | -49.5 | -44.9 |\n",
      "| -54.0 | -49.5 | -40.7 | -29.8 |\n",
      "| -51.5 | -44.9 | -29.8 | 0.0   |\n",
      "\n",
      "---- Value Matrix at iteration: 290 ----\n",
      "| -59.2 | -57.2 | -54.1 | -51.5 |\n",
      "| -57.2 | -54.4 | -49.5 | -45.0 |\n",
      "| -54.1 | -49.5 | -40.7 | -29.9 |\n",
      "| -51.5 | -45.0 | -29.9 | 0.0   |\n",
      "\n",
      "---- Value Matrix at iteration: 300 ----\n",
      "| -59.2 | -57.2 | -54.1 | -51.5 |\n",
      "| -57.2 | -54.4 | -49.5 | -45.0 |\n",
      "| -54.1 | -49.5 | -40.7 | -29.9 |\n",
      "| -51.5 | -45.0 | -29.9 | 0.0   |\n",
      "\n",
      "---- Value Matrix at iteration: 310 ----\n",
      "| -59.3 | -57.3 | -54.1 | -51.6 |\n",
      "| -57.3 | -54.4 | -49.6 | -45.0 |\n",
      "| -54.1 | -49.6 | -40.7 | -29.9 |\n",
      "| -51.6 | -45.0 | -29.9 | 0.0   |\n",
      "\n",
      "---- Value Matrix at iteration: 320 ----\n",
      "| -59.3 | -57.3 | -54.1 | -51.6 |\n",
      "| -57.3 | -54.4 | -49.6 | -45.0 |\n",
      "| -54.1 | -49.6 | -40.7 | -29.9 |\n",
      "| -51.6 | -45.0 | -29.9 | 0.0   |\n",
      "\n",
      "---- Value Matrix at iteration: 330 ----\n",
      "| -59.3 | -57.3 | -54.2 | -51.6 |\n",
      "| -57.3 | -54.4 | -49.6 | -45.0 |\n",
      "| -54.2 | -49.6 | -40.8 | -29.9 |\n",
      "| -51.6 | -45.0 | -29.9 | 0.0   |\n",
      "\n",
      "---- Value Matrix at iteration: 340 ----\n",
      "| -59.3 | -57.3 | -54.2 | -51.6 |\n",
      "| -57.3 | -54.5 | -49.6 | -45.0 |\n",
      "| -54.2 | -49.6 | -40.8 | -29.9 |\n",
      "| -51.6 | -45.0 | -29.9 | 0.0   |\n",
      "\n",
      "---- Value Matrix at iteration: 350 ----\n",
      "| -59.3 | -57.3 | -54.2 | -51.6 |\n",
      "| -57.3 | -54.5 | -49.6 | -45.1 |\n",
      "| -54.2 | -49.6 | -40.8 | -29.9 |\n",
      "| -51.6 | -45.1 | -29.9 | 0.0   |\n",
      "\n",
      "---- Value Matrix at iteration: 360 ----\n",
      "| -59.3 | -57.3 | -54.2 | -51.6 |\n",
      "| -57.3 | -54.5 | -49.6 | -45.1 |\n",
      "| -54.2 | -49.6 | -40.8 | -29.9 |\n",
      "| -51.6 | -45.1 | -29.9 | 0.0   |\n",
      "\n",
      "---- Value Matrix at iteration: 370 ----\n",
      "| -59.3 | -57.3 | -54.2 | -51.6 |\n",
      "| -57.3 | -54.5 | -49.6 | -45.1 |\n",
      "| -54.2 | -49.6 | -40.8 | -29.9 |\n",
      "| -51.6 | -45.1 | -29.9 | 0.0   |\n",
      "\n",
      "---- Value Matrix at iteration: 380 ----\n",
      "| -59.3 | -57.4 | -54.2 | -51.6 |\n",
      "| -57.4 | -54.5 | -49.6 | -45.1 |\n",
      "| -54.2 | -49.6 | -40.8 | -29.9 |\n",
      "| -51.6 | -45.1 | -29.9 | 0.0   |\n",
      "\n",
      "---- Value Matrix at iteration: 390 ----\n",
      "| -59.4 | -57.4 | -54.2 | -51.6 |\n",
      "| -57.4 | -54.5 | -49.6 | -45.1 |\n",
      "| -54.2 | -49.6 | -40.8 | -29.9 |\n",
      "| -51.6 | -45.1 | -29.9 | 0.0   |\n",
      "\n",
      "---- Value Matrix at iteration: 400 ----\n",
      "| -59.4 | -57.4 | -54.2 | -51.6 |\n",
      "| -57.4 | -54.5 | -49.6 | -45.1 |\n",
      "| -54.2 | -49.6 | -40.8 | -29.9 |\n",
      "| -51.6 | -45.1 | -29.9 | 0.0   |\n",
      "\n",
      "---- Value Matrix at iteration: 410 ----\n",
      "| -59.4 | -57.4 | -54.2 | -51.7 |\n",
      "| -57.4 | -54.5 | -49.7 | -45.1 |\n",
      "| -54.2 | -49.7 | -40.8 | -29.9 |\n",
      "| -51.7 | -45.1 | -29.9 | 0.0   |\n",
      "\n",
      "---- Value Matrix at iteration: 420 ----\n",
      "| -59.4 | -57.4 | -54.2 | -51.7 |\n",
      "| -57.4 | -54.5 | -49.7 | -45.1 |\n",
      "| -54.2 | -49.7 | -40.8 | -29.9 |\n",
      "| -51.7 | -45.1 | -29.9 | 0.0   |\n",
      "\n",
      "---- Value Matrix at iteration: 430 ----\n",
      "| -59.4 | -57.4 | -54.2 | -51.7 |\n",
      "| -57.4 | -54.5 | -49.7 | -45.1 |\n",
      "| -54.2 | -49.7 | -40.8 | -29.9 |\n",
      "| -51.7 | -45.1 | -29.9 | 0.0   |\n",
      "\n",
      "---- Value Matrix at iteration: 440 ----\n",
      "| -59.4 | -57.4 | -54.2 | -51.7 |\n",
      "| -57.4 | -54.5 | -49.7 | -45.1 |\n",
      "| -54.2 | -49.7 | -40.8 | -29.9 |\n",
      "| -51.7 | -45.1 | -29.9 | 0.0   |\n",
      "\n",
      "---- Value Matrix at iteration: 450 ----\n",
      "| -59.4 | -57.4 | -54.2 | -51.7 |\n",
      "| -57.4 | -54.5 | -49.7 | -45.1 |\n",
      "| -54.2 | -49.7 | -40.8 | -29.9 |\n",
      "| -51.7 | -45.1 | -29.9 | 0.0   |\n",
      "\n",
      "---- Value Matrix at iteration: 460 ----\n",
      "| -59.4 | -57.4 | -54.2 | -51.7 |\n",
      "| -57.4 | -54.5 | -49.7 | -45.1 |\n",
      "| -54.2 | -49.7 | -40.8 | -29.9 |\n",
      "| -51.7 | -45.1 | -29.9 | 0.0   |\n",
      "\n",
      "---- Value Matrix at iteration: 470 ----\n",
      "| -59.4 | -57.4 | -54.2 | -51.7 |\n",
      "| -57.4 | -54.5 | -49.7 | -45.1 |\n",
      "| -54.2 | -49.7 | -40.8 | -29.9 |\n",
      "| -51.7 | -45.1 | -29.9 | 0.0   |\n",
      "\n",
      "new Value matrix: \n",
      "[[-59.42367735 -57.42387125 -54.2813141  -51.71012579]\n",
      " [-57.42387125 -54.56699476 -49.71029394 -45.13926711]\n",
      " [-54.2813141  -49.71029394 -40.85391609 -29.99766609]\n",
      " [-51.71012579 -45.13926711 -29.99766609   0.        ]]\n",
      "\n",
      " Generated after 470 iteration\n"
     ]
    }
   ],
   "source": [
    "gridworld = (4, 4)\n",
    "\n",
    "V = np.zeros(gridworld)\n",
    "print(f\" Initial Value Array \".center(40, '-'))\n",
    "print(V)\n",
    "R = np.full_like(V, -1)\n",
    "R[-1, -1] = 0\n",
    "print(f\" Reward for states \".center(40, '-'))\n",
    "print(R)\n",
    "\n",
    "iter, new_V = value_func(grid=gridworld,\n",
    "                         val_matrix=V,\n",
    "                         reward=R\n",
    "                         )\n",
    "\n",
    "print(f\"new Value matrix: \\n{new_V}\\n\\n Generated after {iter} iteration\") \n",
    "       \n"
   ]
  }
 ],
 "metadata": {
  "kernelspec": {
   "display_name": "Python 3",
   "language": "python",
   "name": "python3"
  },
  "language_info": {
   "codemirror_mode": {
    "name": "ipython",
    "version": 3
   },
   "file_extension": ".py",
   "mimetype": "text/x-python",
   "name": "python",
   "nbconvert_exporter": "python",
   "pygments_lexer": "ipython3",
   "version": "3.10.12"
  }
 },
 "nbformat": 4,
 "nbformat_minor": 2
}
